image00000 460 307 498 354
image00001 457 307 497 354
image00002 458 305 500 355
image00003 457 301 506 356
image00004 456 304 506 355
image00005 455 300 507 356
image00006 456 299 515 367
image00007 458 303 524 368
image00008 459 307 522 371
image00009 454 304 512 353
image00011 456 305 497 357
image00012 453 306 498 355
image00013 454 305 498 356
image00014 456 306 500 356
image00015 458 306 499 358
image00016 460 298 512 355
image00017 445 288 517 356
image00018 444 292 520 357
image00019 447 291 525 356
image00020 442 292 525 358
image00021 444 290 519 358
image00022 443 291 522 359
image00023 446 296 524 359
image00024 446 290 525 360
image00025 445 290 524 360
image00026 445 294 523 356
image00027 476 290 522 357
image00028 472 290 520 359
image00029 472 285 524 360
image00030 476 282 523 358
image00031 481 279 526 361
image00032 482 281 522 359
image00033 484 291 524 363
image00034 484 284 525 359
image00035 480 284 529 363
image00036 488 290 527 364
image00037 480 281 527 363
image00038 488 282 534 361
image00039 483 290 537 363
image00040 483 291 538 364
image00041 480 291 536 362
image00042 481 288 535 361
image00043 483 286 536 357
image00044 491 276 540 329
image00045 493 282 535 325
image00046 494 285 538 323
image00047 497 285 536 321
image00048 497 283 534 318
image00049 499 282 533 314
image00050 505 282 535 315
image00051 512 283 538 315
image00052 504 283 536 313
image00053 507 281 535 313
image00054 508 285 535 312
image00055 510 287 536 312
image00056 514 285 535 312
image00057 509 282 533 309
image00058 512 285 534 311
image00059 512 287 533 311
image00060 511 284 533 311
image00061 508 285 535 311
image00062 512 285 531 312
image00063 504 285 532 310
